start: 445747.682687652
stop: 445770.9584115017
start: 445771.1304502283
stop: 445771.1564864653
start: 445771.1972803432
start: 446609.59797950485
