Name,rms_t0,rms_t1,rms,rms_avg,novelty,novelty_t0,novelty_t1,entropy,entropy_t0,entropy_t1,entropy_avg,sm,sm_t0,sm_t1
P6_D0_G1_M6_R1_T1,"[0.00000e+00 2.50000e-02 5.00000e-02 ... 1.39375e+02 1.39400e+02
 1.39425e+02]","[4.99791667e-02 7.49791667e-02 9.99791667e-02 ... 1.39424979e+02
 1.39449979e+02 1.39474979e+02]",[0.00208209 0.00296761 0.00333434 ... 0.00083384 0.00069073 0.00035607],0.015106633453353478,"[1.12821179 1.25351279 0.83452385 0.54883557 0.35046745 0.23924011
 0.2224546  0.20757023 0.19260753 0.22610547 0.24810797 0.23745151
 0.2541104  0.28173227 0.26047616 0.22230209 0.22049763 0.25015485
 0.30371693 0.29223738 0.22333849 0.22702915 0.27568042 0.25158451
 0.19950991 0.18814706 0.18001855 0.17861    0.18216576 0.18785497
 0.20043502 0.21072924 0.24662464 0.28181266 0.25487081 0.21789354
 0.22930744 0.25024611 0.22758017 0.22715341 0.22507687 0.21912484
 0.22147781 0.22081781 0.2248151  0.21262683 0.20485088 0.19420337
 0.21585495 0.25162945 0.25097267 0.22476429 0.19872496 0.18764738
 0.18265404 0.17721328 0.19653363 0.23584484 0.25301089 0.24791798
 0.25232131 0.27498555 0.29564388 0.29957304 0.29246216 0.22663925
 0.19461487 0.20208748 0.21795437 0.26024812 0.33442584 0.33090314
 0.24317218 0.18766765 0.18298505 0.21137247 0.2007929  0.18650008
 0.17697897 0.18984192 0.20081698 0.19724574 0.19722677 0.20220543
 0.2019745  0.17465007 0.14543476 0.14651548 0.16979701 0.1989529
 0.21650777 0.26914177 0.43311907 0.70707565 0.94892093]","[  0.    1.4   2.8   4.2   5.6   7.    8.4   9.8  11.2  12.6  14.   15.4
  16.8  18.2  19.6  21.   22.4  23.8  25.2  26.6  28.   29.4  30.8  32.2
  33.6  35.   36.4  37.8  39.2  40.6  42.   43.4  44.8  46.2  47.6  49.
  50.4  51.8  53.2  54.6  56.   57.4  58.8  60.2  61.6  63.   64.4  65.8
  67.2  68.6  70.   71.4  72.8  74.2  75.6  77.   78.4  79.8  81.2  82.6
  84.   85.4  86.8  88.2  89.6  91.   92.4  93.8  95.2  96.6  98.   99.4
 100.8 102.2 103.6 105.  106.4 107.8 109.2 110.6 112.  113.4 114.8 116.2
 117.6 119.  120.4 121.8 123.2 124.6 126.  127.4 128.8 130.2 131.6]","[  6.99997917   8.39997917   9.79997917  11.19997917  12.59997917
  13.99997917  15.39997917  16.79997917  18.19997917  19.59997917
  20.99997917  22.39997917  23.79997917  25.19997917  26.59997917
  27.99997917  29.39997917  30.79997917  32.19997917  33.59997917
  34.99997917  36.39997917  37.79997917  39.19997917  40.59997917
  41.99997917  43.39997917  44.79997917  46.19997917  47.59997917
  48.99997917  50.39997917  51.79997917  53.19997917  54.59997917
  55.99997917  57.39997917  58.79997917  60.19997917  61.59997917
  62.99997917  64.39997917  65.79997917  67.19997917  68.59997917
  69.99997917  71.39997917  72.79997917  74.19997917  75.59997917
  76.99997917  78.39997917  79.79997917  81.19997917  82.59997917
  83.99997917  85.39997917  86.79997917  88.19997917  89.59997917
  90.99997917  92.39997917  93.79997917  95.19997917  96.59997917
  97.99997917  99.39997917 100.79997917 102.19997917 103.59997917
 104.99997917 106.39997917 107.79997917 109.19997917 110.59997917
 111.99997917 113.39997917 114.79997917 116.19997917 117.59997917
 118.99997917 120.39997917 121.79997917 123.19997917 124.59997917
 125.99997917 127.39997917 128.79997917 130.19997917 131.59997917
 132.99997917 134.39997917 135.79997917 137.19997917 138.59997917]",[0.90084317 0.88530942 0.88526734 ... 0.71833386 0.71103288 0.67627212],"[0.00000e+00 2.50000e-02 5.00000e-02 ... 1.39375e+02 1.39400e+02
 1.39425e+02]","[4.99791667e-02 7.49791667e-02 9.99791667e-02 ... 1.39424979e+02
 1.39449979e+02 1.39474979e+02]",0.8979165172214397,"[[1.         0.79191094 0.33886711 ... 0.34357627 0.38568687 0.37493687]
 [0.79191094 1.         0.81626865 ... 0.79540157 0.84127781 0.82025501]
 [0.33886711 0.81626865 1.         ... 0.8802705  0.93330929 0.97475795]
 ...
 [0.34357627 0.79540157 0.8802705  ... 1.         0.9863801  0.88442199]
 [0.38568687 0.84127781 0.93330929 ... 0.9863801  1.         0.92460765]
 [0.37493687 0.82025501 0.97475795 ... 0.88442199 0.92460765 1.        ]]","[  0.    1.4   2.8   4.2   5.6   7.    8.4   9.8  11.2  12.6  14.   15.4
  16.8  18.2  19.6  21.   22.4  23.8  25.2  26.6  28.   29.4  30.8  32.2
  33.6  35.   36.4  37.8  39.2  40.6  42.   43.4  44.8  46.2  47.6  49.
  50.4  51.8  53.2  54.6  56.   57.4  58.8  60.2  61.6  63.   64.4  65.8
  67.2  68.6  70.   71.4  72.8  74.2  75.6  77.   78.4  79.8  81.2  82.6
  84.   85.4  86.8  88.2  89.6  91.   92.4  93.8  95.2  96.6  98.   99.4
 100.8 102.2 103.6 105.  106.4 107.8 109.2 110.6 112.  113.4 114.8 116.2
 117.6 119.  120.4 121.8 123.2 124.6 126.  127.4 128.8 130.2 131.6]","[  6.99997917   8.39997917   9.79997917  11.19997917  12.59997917
  13.99997917  15.39997917  16.79997917  18.19997917  19.59997917
  20.99997917  22.39997917  23.79997917  25.19997917  26.59997917
  27.99997917  29.39997917  30.79997917  32.19997917  33.59997917
  34.99997917  36.39997917  37.79997917  39.19997917  40.59997917
  41.99997917  43.39997917  44.79997917  46.19997917  47.59997917
  48.99997917  50.39997917  51.79997917  53.19997917  54.59997917
  55.99997917  57.39997917  58.79997917  60.19997917  61.59997917
  62.99997917  64.39997917  65.79997917  67.19997917  68.59997917
  69.99997917  71.39997917  72.79997917  74.19997917  75.59997917
  76.99997917  78.39997917  79.79997917  81.19997917  82.59997917
  83.99997917  85.39997917  86.79997917  88.19997917  89.59997917
  90.99997917  92.39997917  93.79997917  95.19997917  96.59997917
  97.99997917  99.39997917 100.79997917 102.19997917 103.59997917
 104.99997917 106.39997917 107.79997917 109.19997917 110.59997917
 111.99997917 113.39997917 114.79997917 116.19997917 117.59997917
 118.99997917 120.39997917 121.79997917 123.19997917 124.59997917
 125.99997917 127.39997917 128.79997917 130.19997917 131.59997917
 132.99997917 134.39997917 135.79997917 137.19997917 138.59997917]"
P5_D6_G3_M6_R2_T1,"[0.00000e+00 2.50000e-02 5.00000e-02 ... 1.08350e+02 1.08375e+02
 1.08400e+02]","[4.99791667e-02 7.49791667e-02 9.99791667e-02 ... 1.08399979e+02
 1.08424979e+02 1.08449979e+02]","[1.28183017e-03 1.59641539e-03 1.51484402e-03 ... 4.22712711e-05
 2.86362821e-05 1.62271137e-05]",0.005216892103044639,"[0.91886765 1.46687994 1.01462385 0.61230316 0.31616191 0.15894093
 0.10151012 0.07690453 0.0235921  0.03828428 0.16575775 0.47388894
 1.01832132 1.75837865 2.79515532 2.49933531 1.41527505 0.67408303
 0.26846198 0.08969944 0.03000538 0.03820615 0.15827795 0.48269079
 1.10252536 2.09948652 3.47306743 2.00644157 1.00637491 0.44850602
 0.19753976 0.12618382 0.14151655 0.1549991  0.14889514 0.18350264
 0.20181475 0.20835421 0.24960487 0.30917524 0.34378338 0.30341471
 0.29530331 0.32707838 0.38474558 0.31965872 0.25495413 0.23573323
 0.18909676 0.17946686 0.17154683 0.1675924  0.18452441 0.323137
 0.54232384 0.70696779 0.91693    1.30926351 1.78108748 1.38180246
 0.74383471 0.3605334  0.17369764 0.10804783 0.10277682 0.12256655
 0.15011827 0.17016861 0.21147392 0.27264647 0.39783758 0.64095992
 1.0267201 ]","[  0.    1.4   2.8   4.2   5.6   7.    8.4   9.8  11.2  12.6  14.   15.4
  16.8  18.2  19.6  21.   22.4  23.8  25.2  26.6  28.   29.4  30.8  32.2
  33.6  35.   36.4  37.8  39.2  40.6  42.   43.4  44.8  46.2  47.6  49.
  50.4  51.8  53.2  54.6  56.   57.4  58.8  60.2  61.6  63.   64.4  65.8
  67.2  68.6  70.   71.4  72.8  74.2  75.6  77.   78.4  79.8  81.2  82.6
  84.   85.4  86.8  88.2  89.6  91.   92.4  93.8  95.2  96.6  98.   99.4
 100.8]","[  6.99997917   8.39997917   9.79997917  11.19997917  12.59997917
  13.99997917  15.39997917  16.79997917  18.19997917  19.59997917
  20.99997917  22.39997917  23.79997917  25.19997917  26.59997917
  27.99997917  29.39997917  30.79997917  32.19997917  33.59997917
  34.99997917  36.39997917  37.79997917  39.19997917  40.59997917
  41.99997917  43.39997917  44.79997917  46.19997917  47.59997917
  48.99997917  50.39997917  51.79997917  53.19997917  54.59997917
  55.99997917  57.39997917  58.79997917  60.19997917  61.59997917
  62.99997917  64.39997917  65.79997917  67.19997917  68.59997917
  69.99997917  71.39997917  72.79997917  74.19997917  75.59997917
  76.99997917  78.39997917  79.79997917  81.19997917  82.59997917
  83.99997917  85.39997917  86.79997917  88.19997917  89.59997917
  90.99997917  92.39997917  93.79997917  95.19997917  96.59997917
  97.99997917  99.39997917 100.79997917 102.19997917 103.59997917
 104.99997917 106.39997917 107.79997917]",[0.76552626 0.77701145 0.74039101 ...        nan        nan        nan],"[0.00000e+00 2.50000e-02 5.00000e-02 ... 1.08350e+02 1.08375e+02
 1.08400e+02]","[4.99791667e-02 7.49791667e-02 9.99791667e-02 ... 1.08399979e+02
 1.08424979e+02 1.08449979e+02]",0.8852246273807085,"[[ 1.          0.83432568 -0.17814386 ...  0.84022669  0.82424827
   0.81614318]
 [ 0.83432568  1.          0.36892249 ...  0.77670392  0.76396944
   0.74097814]
 [-0.17814386  0.36892249  1.         ...  0.03750796  0.02444762
  -0.01095443]
 ...
 [ 0.84022669  0.77670392  0.03750796 ...  1.          0.99294256
   0.98509824]
 [ 0.82424827  0.76396944  0.02444762 ...  0.99294256  1.
   0.99580353]
 [ 0.81614318  0.74097814 -0.01095443 ...  0.98509824  0.99580353
   1.        ]]","[  0.    1.4   2.8   4.2   5.6   7.    8.4   9.8  11.2  12.6  14.   15.4
  16.8  18.2  19.6  21.   22.4  23.8  25.2  26.6  28.   29.4  30.8  32.2
  33.6  35.   36.4  37.8  39.2  40.6  42.   43.4  44.8  46.2  47.6  49.
  50.4  51.8  53.2  54.6  56.   57.4  58.8  60.2  61.6  63.   64.4  65.8
  67.2  68.6  70.   71.4  72.8  74.2  75.6  77.   78.4  79.8  81.2  82.6
  84.   85.4  86.8  88.2  89.6  91.   92.4  93.8  95.2  96.6  98.   99.4
 100.8]","[  6.99997917   8.39997917   9.79997917  11.19997917  12.59997917
  13.99997917  15.39997917  16.79997917  18.19997917  19.59997917
  20.99997917  22.39997917  23.79997917  25.19997917  26.59997917
  27.99997917  29.39997917  30.79997917  32.19997917  33.59997917
  34.99997917  36.39997917  37.79997917  39.19997917  40.59997917
  41.99997917  43.39997917  44.79997917  46.19997917  47.59997917
  48.99997917  50.39997917  51.79997917  53.19997917  54.59997917
  55.99997917  57.39997917  58.79997917  60.19997917  61.59997917
  62.99997917  64.39997917  65.79997917  67.19997917  68.59997917
  69.99997917  71.39997917  72.79997917  74.19997917  75.59997917
  76.99997917  78.39997917  79.79997917  81.19997917  82.59997917
  83.99997917  85.39997917  86.79997917  88.19997917  89.59997917
  90.99997917  92.39997917  93.79997917  95.19997917  96.59997917
  97.99997917  99.39997917 100.79997917 102.19997917 103.59997917
 104.99997917 106.39997917 107.79997917]"
P5_D6_G3_M6_R1_T1,"[0.00000e+00 2.50000e-02 5.00000e-02 ... 1.22100e+02 1.22125e+02
 1.22150e+02]","[4.99791667e-02 7.49791667e-02 9.99791667e-02 ... 1.22149979e+02
 1.22174979e+02 1.22199979e+02]","[6.81953639e-04 7.61595183e-04 6.18382454e-04 ... 1.38415643e-05
 9.46933000e-06 5.75075537e-06]",0.005657479469561417,"[1.01082006 1.412503   0.88092867 0.4853559  0.22483126 0.07796058
 0.02102826 0.08806039 0.29535544 0.72159943 1.48373519 2.62890886
 2.6268739  1.79817372 0.96793556 0.43446422 0.18477975 0.12580056
 0.18145799 0.29785349 0.26469046 0.21349078 0.18747774 0.155138
 0.15838984 0.17916194 0.25889486 0.39624184 0.42344173 0.32177641
 0.49612785 0.48640555 0.36519147 0.270056   0.20398352 0.14679928
 0.13844794 0.19005249 0.25974332 0.3038711  0.35433638 0.31783894
 0.17471228 0.18221214 0.19298709 0.23899021 0.40196043 0.67971692
 0.65544262 0.38931311 0.25563832 0.18953155 0.20192663 0.27342638
 0.39860503 0.54713977 0.5145263  0.42746246 0.32855922 0.22724753
 0.18669996 0.23460915 0.39945252 0.64296538 0.87624382 0.85394568
 0.36914382 0.21004559 0.21708748 0.21104234 0.17526794 0.22351905
 0.38430214 0.5361139  0.36795356 0.9639932  0.56959122 0.28657263
 0.11746298 0.05137734 0.15794548 0.42821745 0.86483053]","[  0.    1.4   2.8   4.2   5.6   7.    8.4   9.8  11.2  12.6  14.   15.4
  16.8  18.2  19.6  21.   22.4  23.8  25.2  26.6  28.   29.4  30.8  32.2
  33.6  35.   36.4  37.8  39.2  40.6  42.   43.4  44.8  46.2  47.6  49.
  50.4  51.8  53.2  54.6  56.   57.4  58.8  60.2  61.6  63.   64.4  65.8
  67.2  68.6  70.   71.4  72.8  74.2  75.6  77.   78.4  79.8  81.2  82.6
  84.   85.4  86.8  88.2  89.6  91.   92.4  93.8  95.2  96.6  98.   99.4
 100.8 102.2 103.6 105.  106.4 107.8 109.2 110.6 112.  113.4 114.8]","[  6.99997917   8.39997917   9.79997917  11.19997917  12.59997917
  13.99997917  15.39997917  16.79997917  18.19997917  19.59997917
  20.99997917  22.39997917  23.79997917  25.19997917  26.59997917
  27.99997917  29.39997917  30.79997917  32.19997917  33.59997917
  34.99997917  36.39997917  37.79997917  39.19997917  40.59997917
  41.99997917  43.39997917  44.79997917  46.19997917  47.59997917
  48.99997917  50.39997917  51.79997917  53.19997917  54.59997917
  55.99997917  57.39997917  58.79997917  60.19997917  61.59997917
  62.99997917  64.39997917  65.79997917  67.19997917  68.59997917
  69.99997917  71.39997917  72.79997917  74.19997917  75.59997917
  76.99997917  78.39997917  79.79997917  81.19997917  82.59997917
  83.99997917  85.39997917  86.79997917  88.19997917  89.59997917
  90.99997917  92.39997917  93.79997917  95.19997917  96.59997917
  97.99997917  99.39997917 100.79997917 102.19997917 103.59997917
 104.99997917 106.39997917 107.79997917 109.19997917 110.59997917
 111.99997917 113.39997917 114.79997917 116.19997917 117.59997917
 118.99997917 120.39997917 121.79997917]",[0.77680794 0.76965357 0.75815366 ...        nan        nan        nan],"[0.00000e+00 2.50000e-02 5.00000e-02 ... 1.22100e+02 1.22125e+02
 1.22150e+02]","[4.99791667e-02 7.49791667e-02 9.99791667e-02 ... 1.22149979e+02
 1.22174979e+02 1.22199979e+02]",0.8904574822972582,"[[ 1.          0.67736623 -0.47277275 ...  0.86502152  0.8955307
   0.94458892]
 [ 0.67736623  1.          0.28955802 ...  0.58090883  0.6166583
   0.68118922]
 [-0.47277275  0.28955802  1.         ... -0.44749539 -0.45009981
  -0.40006124]
 ...
 [ 0.86502152  0.58090883 -0.44749539 ...  1.          0.97549649
   0.95639676]
 [ 0.8955307   0.6166583  -0.45009981 ...  0.97549649  1.
   0.95438638]
 [ 0.94458892  0.68118922 -0.40006124 ...  0.95639676  0.95438638
   1.        ]]","[  0.    1.4   2.8   4.2   5.6   7.    8.4   9.8  11.2  12.6  14.   15.4
  16.8  18.2  19.6  21.   22.4  23.8  25.2  26.6  28.   29.4  30.8  32.2
  33.6  35.   36.4  37.8  39.2  40.6  42.   43.4  44.8  46.2  47.6  49.
  50.4  51.8  53.2  54.6  56.   57.4  58.8  60.2  61.6  63.   64.4  65.8
  67.2  68.6  70.   71.4  72.8  74.2  75.6  77.   78.4  79.8  81.2  82.6
  84.   85.4  86.8  88.2  89.6  91.   92.4  93.8  95.2  96.6  98.   99.4
 100.8 102.2 103.6 105.  106.4 107.8 109.2 110.6 112.  113.4 114.8]","[  6.99997917   8.39997917   9.79997917  11.19997917  12.59997917
  13.99997917  15.39997917  16.79997917  18.19997917  19.59997917
  20.99997917  22.39997917  23.79997917  25.19997917  26.59997917
  27.99997917  29.39997917  30.79997917  32.19997917  33.59997917
  34.99997917  36.39997917  37.79997917  39.19997917  40.59997917
  41.99997917  43.39997917  44.79997917  46.19997917  47.59997917
  48.99997917  50.39997917  51.79997917  53.19997917  54.59997917
  55.99997917  57.39997917  58.79997917  60.19997917  61.59997917
  62.99997917  64.39997917  65.79997917  67.19997917  68.59997917
  69.99997917  71.39997917  72.79997917  74.19997917  75.59997917
  76.99997917  78.39997917  79.79997917  81.19997917  82.59997917
  83.99997917  85.39997917  86.79997917  88.19997917  89.59997917
  90.99997917  92.39997917  93.79997917  95.19997917  96.59997917
  97.99997917  99.39997917 100.79997917 102.19997917 103.59997917
 104.99997917 106.39997917 107.79997917 109.19997917 110.59997917
 111.99997917 113.39997917 114.79997917 116.19997917 117.59997917
 118.99997917 120.39997917 121.79997917]"
P5_D5_G3_M6_R2_T1,"[0.00000e+00 2.50000e-02 5.00000e-02 ... 1.08575e+02 1.08600e+02
 1.08625e+02]","[4.99791667e-02 7.49791667e-02 9.99791667e-02 ... 1.08624979e+02
 1.08649979e+02 1.08674979e+02]","[8.45055251e-04 1.03107063e-03 9.66347555e-04 ... 2.74690060e-05
 1.93503254e-05 1.19665435e-05]",0.0067740777246301,"[0.94479042 1.30112671 0.80693365 0.44481727 0.2305126  0.12900227
 0.09726433 0.08144068 0.07872838 0.14120344 0.31835396 0.65060814
 1.0284005  1.74974421 2.64607567 2.04518708 1.23088335 0.62504869
 0.25552272 0.07661479 0.04854812 0.12491868 0.25223934 0.45924473
 0.82143309 1.37471737 2.16245364 1.93950516 1.03982156 0.5063425
 0.21696774 0.07889859 0.07107921 0.12646787 0.28559361 0.67684548
 1.35964011 2.06442402 1.66758072 1.18454127 0.77277418 0.48376146
 0.30237285 0.19558583 0.17760339 0.16184143 0.15085216 0.15676449
 0.14916033 0.18734526 0.31832481 0.53681388 0.80840446 0.88404245
 0.92662023 1.06197819 1.01076671 0.38342519 0.25795522 1.03527342
 1.76977787 1.34497699 0.81435502 0.41412324 0.19419023 0.09255369
 0.03238749 0.03523245 0.0976672  0.20282363 0.37166997 0.64411684
 1.04736457]","[  0.    1.4   2.8   4.2   5.6   7.    8.4   9.8  11.2  12.6  14.   15.4
  16.8  18.2  19.6  21.   22.4  23.8  25.2  26.6  28.   29.4  30.8  32.2
  33.6  35.   36.4  37.8  39.2  40.6  42.   43.4  44.8  46.2  47.6  49.
  50.4  51.8  53.2  54.6  56.   57.4  58.8  60.2  61.6  63.   64.4  65.8
  67.2  68.6  70.   71.4  72.8  74.2  75.6  77.   78.4  79.8  81.2  82.6
  84.   85.4  86.8  88.2  89.6  91.   92.4  93.8  95.2  96.6  98.   99.4
 100.8]","[  6.99997917   8.39997917   9.79997917  11.19997917  12.59997917
  13.99997917  15.39997917  16.79997917  18.19997917  19.59997917
  20.99997917  22.39997917  23.79997917  25.19997917  26.59997917
  27.99997917  29.39997917  30.79997917  32.19997917  33.59997917
  34.99997917  36.39997917  37.79997917  39.19997917  40.59997917
  41.99997917  43.39997917  44.79997917  46.19997917  47.59997917
  48.99997917  50.39997917  51.79997917  53.19997917  54.59997917
  55.99997917  57.39997917  58.79997917  60.19997917  61.59997917
  62.99997917  64.39997917  65.79997917  67.19997917  68.59997917
  69.99997917  71.39997917  72.79997917  74.19997917  75.59997917
  76.99997917  78.39997917  79.79997917  81.19997917  82.59997917
  83.99997917  85.39997917  86.79997917  88.19997917  89.59997917
  90.99997917  92.39997917  93.79997917  95.19997917  96.59997917
  97.99997917  99.39997917 100.79997917 102.19997917 103.59997917
 104.99997917 106.39997917 107.79997917]",[0.77599855 0.76607369 0.73703692 ...        nan        nan        nan],"[0.00000e+00 2.50000e-02 5.00000e-02 ... 1.08575e+02 1.08600e+02
 1.08625e+02]","[4.99791667e-02 7.49791667e-02 9.99791667e-02 ... 1.08624979e+02
 1.08649979e+02 1.08674979e+02]",0.8851828783674147,"[[ 1.          0.76454672 -0.35704945 ...  0.90143907  0.89220213
   0.92093749]
 [ 0.76454672  1.          0.29778478 ...  0.71180626  0.71656444
   0.73271128]
 [-0.35704945  0.29778478  1.         ... -0.27234644 -0.2353926
  -0.26363617]
 ...
 [ 0.90143907  0.71180626 -0.27234644 ...  1.          0.98802753
   0.98099456]
 [ 0.89220213  0.71656444 -0.2353926  ...  0.98802753  1.
   0.99437332]
 [ 0.92093749  0.73271128 -0.26363617 ...  0.98099456  0.99437332
   1.        ]]","[  0.    1.4   2.8   4.2   5.6   7.    8.4   9.8  11.2  12.6  14.   15.4
  16.8  18.2  19.6  21.   22.4  23.8  25.2  26.6  28.   29.4  30.8  32.2
  33.6  35.   36.4  37.8  39.2  40.6  42.   43.4  44.8  46.2  47.6  49.
  50.4  51.8  53.2  54.6  56.   57.4  58.8  60.2  61.6  63.   64.4  65.8
  67.2  68.6  70.   71.4  72.8  74.2  75.6  77.   78.4  79.8  81.2  82.6
  84.   85.4  86.8  88.2  89.6  91.   92.4  93.8  95.2  96.6  98.   99.4
 100.8]","[  6.99997917   8.39997917   9.79997917  11.19997917  12.59997917
  13.99997917  15.39997917  16.79997917  18.19997917  19.59997917
  20.99997917  22.39997917  23.79997917  25.19997917  26.59997917
  27.99997917  29.39997917  30.79997917  32.19997917  33.59997917
  34.99997917  36.39997917  37.79997917  39.19997917  40.59997917
  41.99997917  43.39997917  44.79997917  46.19997917  47.59997917
  48.99997917  50.39997917  51.79997917  53.19997917  54.59997917
  55.99997917  57.39997917  58.79997917  60.19997917  61.59997917
  62.99997917  64.39997917  65.79997917  67.19997917  68.59997917
  69.99997917  71.39997917  72.79997917  74.19997917  75.59997917
  76.99997917  78.39997917  79.79997917  81.19997917  82.59997917
  83.99997917  85.39997917  86.79997917  88.19997917  89.59997917
  90.99997917  92.39997917  93.79997917  95.19997917  96.59997917
  97.99997917  99.39997917 100.79997917 102.19997917 103.59997917
 104.99997917 106.39997917 107.79997917]"
P5_D5_G3_M6_R1_T1,"[0.00000e+00 2.50000e-02 5.00000e-02 ... 1.20700e+02 1.20725e+02
 1.20750e+02]","[4.99791667e-02 7.49791667e-02 9.99791667e-02 ... 1.20749979e+02
 1.20774979e+02 1.20799979e+02]","[8.55866104e-04 9.93887076e-04 8.78273045e-04 ... 1.65869575e-05
 1.10783953e-05 6.11912793e-06]",0.005557178846911405,"[1.07547314 1.24331774 0.75720517 0.40200699 0.18755527 0.07521836
 0.05556784 0.12736686 0.33672352 0.75821375 1.32884611 1.9658874
 1.34108603 0.73295376 0.56213472 0.66580731 0.62769681 0.56083315
 0.32911609 0.31787662 0.71050226 1.15479077 0.8638065  0.44619582
 0.20696033 0.25049883 0.55021117 0.68657575 0.28028374 0.26241186
 0.28105529 0.32903173 0.30096192 0.17905946 0.14556881 0.22942243
 0.39644642 0.61764895 0.67506666 0.36339328 0.23061717 0.44277911
 0.47294856 0.30372302 0.26396369 0.41147322 0.99553104 1.89425543
 1.21569394 0.87254536 0.54033093 0.21717941 0.30889359 1.02660637
 2.37404235 2.38020351 1.58034085 0.86706955 0.40124312 0.1568815
 0.07312601 0.09606591 0.15129866 0.1695412  0.2122729  0.2072975
 0.22212094 0.2466017  0.2357781  0.22729652 0.26196672 0.362114
 0.49730855 0.34610333 0.46605575 0.33071538 0.18622951 0.1080336
 0.10838239 0.25454625 0.52987942 0.94121487]","[  0.    1.4   2.8   4.2   5.6   7.    8.4   9.8  11.2  12.6  14.   15.4
  16.8  18.2  19.6  21.   22.4  23.8  25.2  26.6  28.   29.4  30.8  32.2
  33.6  35.   36.4  37.8  39.2  40.6  42.   43.4  44.8  46.2  47.6  49.
  50.4  51.8  53.2  54.6  56.   57.4  58.8  60.2  61.6  63.   64.4  65.8
  67.2  68.6  70.   71.4  72.8  74.2  75.6  77.   78.4  79.8  81.2  82.6
  84.   85.4  86.8  88.2  89.6  91.   92.4  93.8  95.2  96.6  98.   99.4
 100.8 102.2 103.6 105.  106.4 107.8 109.2 110.6 112.  113.4]","[  6.99997917   8.39997917   9.79997917  11.19997917  12.59997917
  13.99997917  15.39997917  16.79997917  18.19997917  19.59997917
  20.99997917  22.39997917  23.79997917  25.19997917  26.59997917
  27.99997917  29.39997917  30.79997917  32.19997917  33.59997917
  34.99997917  36.39997917  37.79997917  39.19997917  40.59997917
  41.99997917  43.39997917  44.79997917  46.19997917  47.59997917
  48.99997917  50.39997917  51.79997917  53.19997917  54.59997917
  55.99997917  57.39997917  58.79997917  60.19997917  61.59997917
  62.99997917  64.39997917  65.79997917  67.19997917  68.59997917
  69.99997917  71.39997917  72.79997917  74.19997917  75.59997917
  76.99997917  78.39997917  79.79997917  81.19997917  82.59997917
  83.99997917  85.39997917  86.79997917  88.19997917  89.59997917
  90.99997917  92.39997917  93.79997917  95.19997917  96.59997917
  97.99997917  99.39997917 100.79997917 102.19997917 103.59997917
 104.99997917 106.39997917 107.79997917 109.19997917 110.59997917
 111.99997917 113.39997917 114.79997917 116.19997917 117.59997917
 118.99997917 120.39997917]",[0.75579091 0.76410634 0.73004055 ...        nan        nan        nan],"[0.00000e+00 2.50000e-02 5.00000e-02 ... 1.20700e+02 1.20725e+02
 1.20750e+02]","[4.99791667e-02 7.49791667e-02 9.99791667e-02 ... 1.20749979e+02
 1.20774979e+02 1.20799979e+02]",0.8892794816549258,"[[ 1.          0.5882385  -0.3405607  ...  0.73973709  0.76378241
   0.74677154]
 [ 0.5882385   1.          0.51953845 ...  0.50268721  0.62831283
   0.57559936]
 [-0.3405607   0.51953845  1.         ... -0.26464723 -0.14439478
  -0.20319557]
 ...
 [ 0.73973709  0.50268721 -0.26464723 ...  1.          0.96325346
   0.95193139]
 [ 0.76378241  0.62831283 -0.14439478 ...  0.96325346  1.
   0.96855618]
 [ 0.74677154  0.57559936 -0.20319557 ...  0.95193139  0.96855618
   1.        ]]","[  0.    1.4   2.8   4.2   5.6   7.    8.4   9.8  11.2  12.6  14.   15.4
  16.8  18.2  19.6  21.   22.4  23.8  25.2  26.6  28.   29.4  30.8  32.2
  33.6  35.   36.4  37.8  39.2  40.6  42.   43.4  44.8  46.2  47.6  49.
  50.4  51.8  53.2  54.6  56.   57.4  58.8  60.2  61.6  63.   64.4  65.8
  67.2  68.6  70.   71.4  72.8  74.2  75.6  77.   78.4  79.8  81.2  82.6
  84.   85.4  86.8  88.2  89.6  91.   92.4  93.8  95.2  96.6  98.   99.4
 100.8 102.2 103.6 105.  106.4 107.8 109.2 110.6 112.  113.4]","[  6.99997917   8.39997917   9.79997917  11.19997917  12.59997917
  13.99997917  15.39997917  16.79997917  18.19997917  19.59997917
  20.99997917  22.39997917  23.79997917  25.19997917  26.59997917
  27.99997917  29.39997917  30.79997917  32.19997917  33.59997917
  34.99997917  36.39997917  37.79997917  39.19997917  40.59997917
  41.99997917  43.39997917  44.79997917  46.19997917  47.59997917
  48.99997917  50.39997917  51.79997917  53.19997917  54.59997917
  55.99997917  57.39997917  58.79997917  60.19997917  61.59997917
  62.99997917  64.39997917  65.79997917  67.19997917  68.59997917
  69.99997917  71.39997917  72.79997917  74.19997917  75.59997917
  76.99997917  78.39997917  79.79997917  81.19997917  82.59997917
  83.99997917  85.39997917  86.79997917  88.19997917  89.59997917
  90.99997917  92.39997917  93.79997917  95.19997917  96.59997917
  97.99997917  99.39997917 100.79997917 102.19997917 103.59997917
 104.99997917 106.39997917 107.79997917 109.19997917 110.59997917
 111.99997917 113.39997917 114.79997917 116.19997917 117.59997917
 118.99997917 120.39997917]"
P5_D5_G3_M5_R2_T1,[0.0000e+00 2.5000e-02 5.0000e-02 ... 9.4425e+01 9.4450e+01 9.4475e+01],"[4.99791667e-02 7.49791667e-02 9.99791667e-02 ... 9.44749792e+01
 9.44999792e+01 9.45249792e+01]","[1.17943243e-03 1.73606811e-03 1.49588312e-03 ... 1.83938415e-05
 1.32158898e-05 7.42465107e-06]",0.008084499918734942,"[0.64989367 0.37616903 0.20986621 0.12149013 0.0928474  0.12412644
 0.16947555 0.19759278 0.19227998 0.15015687 0.09416825 0.08885715
 0.20649814 0.46214357 0.89047708 1.56060805 2.45054566 2.68103628
 1.41746092 0.662771   0.35112313 0.29015205 0.45477645 0.69704467
 0.91279587 1.01610887 0.68123916 0.3454909  0.24623355 0.19872463
 0.21422527 0.32054511 0.32455573 0.23008329 0.23438418 0.40291676
 0.6396392  0.88830446 0.64831244 0.4254776  0.34662006 0.2536602
 0.20505838 0.19618499 0.17845701 0.1774427  0.17612449 0.17673582
 0.18847408 0.19611867 0.18971109 0.19279411 0.21685125 0.19923406
 0.15335043 0.13316003 0.115112   0.10619765 0.1475506  0.24174033
 0.39668967 0.64747226 1.04021872]","[ 0.   1.4  2.8  4.2  5.6  7.   8.4  9.8 11.2 12.6 14.  15.4 16.8 18.2
 19.6 21.  22.4 23.8 25.2 26.6 28.  29.4 30.8 32.2 33.6 35.  36.4 37.8
 39.2 40.6 42.  43.4 44.8 46.2 47.6 49.  50.4 51.8 53.2 54.6 56.  57.4
 58.8 60.2 61.6 63.  64.4 65.8 67.2 68.6 70.  71.4 72.8 74.2 75.6 77.
 78.4 79.8 81.2 82.6 84.  85.4 86.8]","[ 6.99997917  8.39997917  9.79997917 11.19997917 12.59997917 13.99997917
 15.39997917 16.79997917 18.19997917 19.59997917 20.99997917 22.39997917
 23.79997917 25.19997917 26.59997917 27.99997917 29.39997917 30.79997917
 32.19997917 33.59997917 34.99997917 36.39997917 37.79997917 39.19997917
 40.59997917 41.99997917 43.39997917 44.79997917 46.19997917 47.59997917
 48.99997917 50.39997917 51.79997917 53.19997917 54.59997917 55.99997917
 57.39997917 58.79997917 60.19997917 61.59997917 62.99997917 64.39997917
 65.79997917 67.19997917 68.59997917 69.99997917 71.39997917 72.79997917
 74.19997917 75.59997917 76.99997917 78.39997917 79.79997917 81.19997917
 82.59997917 83.99997917 85.39997917 86.79997917 88.19997917 89.59997917
 90.99997917 92.39997917 93.79997917]",[0.79107031 0.79042412 0.78316425 ...        nan        nan        nan],[0.0000e+00 2.5000e-02 5.0000e-02 ... 9.4425e+01 9.4450e+01 9.4475e+01],"[4.99791667e-02 7.49791667e-02 9.99791667e-02 ... 9.44749792e+01
 9.44999792e+01 9.45249792e+01]",0.8803010332390775,"[[1.         0.99346628 0.98087512 ... 0.95104845 0.92232834 0.93359836]
 [0.99346628 1.         0.99151186 ... 0.94131856 0.90974676 0.91920579]
 [0.98087512 0.99151186 1.         ... 0.95484265 0.92068661 0.92472427]
 ...
 [0.95104845 0.94131856 0.95484265 ... 1.         0.9907846  0.98774026]
 [0.92232834 0.90974676 0.92068661 ... 0.9907846  1.         0.99613803]
 [0.93359836 0.91920579 0.92472427 ... 0.98774026 0.99613803 1.        ]]","[ 0.   1.4  2.8  4.2  5.6  7.   8.4  9.8 11.2 12.6 14.  15.4 16.8 18.2
 19.6 21.  22.4 23.8 25.2 26.6 28.  29.4 30.8 32.2 33.6 35.  36.4 37.8
 39.2 40.6 42.  43.4 44.8 46.2 47.6 49.  50.4 51.8 53.2 54.6 56.  57.4
 58.8 60.2 61.6 63.  64.4 65.8 67.2 68.6 70.  71.4 72.8 74.2 75.6 77.
 78.4 79.8 81.2 82.6 84.  85.4 86.8]","[ 6.99997917  8.39997917  9.79997917 11.19997917 12.59997917 13.99997917
 15.39997917 16.79997917 18.19997917 19.59997917 20.99997917 22.39997917
 23.79997917 25.19997917 26.59997917 27.99997917 29.39997917 30.79997917
 32.19997917 33.59997917 34.99997917 36.39997917 37.79997917 39.19997917
 40.59997917 41.99997917 43.39997917 44.79997917 46.19997917 47.59997917
 48.99997917 50.39997917 51.79997917 53.19997917 54.59997917 55.99997917
 57.39997917 58.79997917 60.19997917 61.59997917 62.99997917 64.39997917
 65.79997917 67.19997917 68.59997917 69.99997917 71.39997917 72.79997917
 74.19997917 75.59997917 76.99997917 78.39997917 79.79997917 81.19997917
 82.59997917 83.99997917 85.39997917 86.79997917 88.19997917 89.59997917
 90.99997917 92.39997917 93.79997917]"
P5_D5_G3_M5_R1_T1,"[0.00000e+00 2.50000e-02 5.00000e-02 ... 1.01950e+02 1.01975e+02
 1.02000e+02]","[4.99791667e-02 7.49791667e-02 9.99791667e-02 ... 1.01999979e+02
 1.02024979e+02 1.02049979e+02]","[1.19213859e-03 1.52040210e-03 1.17696056e-03 ... 7.85111286e-06
 5.35733351e-06 2.97168011e-06]",0.009079200416328481,"[0.23627893 0.02572006 0.57074609 1.68067016 1.59765933 1.07150467
 0.62197417 0.33106473 0.16568962 0.09628077 0.07997638 0.08663327
 0.099959   0.12324274 0.15812653 0.24160616 0.40368722 0.54437484
 0.73673607 1.06397548 1.43086231 0.59173502 0.26568196 0.33829158
 0.49224787 0.43322492 0.28337617 0.23129352 0.30053007 0.47608792
 0.54281187 0.54183722 0.38769296 0.24207772 0.17911054 0.16516323
 0.16238154 0.15659722 0.16315043 0.18843744 0.21939422 0.24014123
 0.2486711  0.23610883 0.20069436 0.19784886 0.22333248 0.26411844
 0.25952014 0.20878754 0.16873366 0.15275232 0.15762362 0.18521579
 0.23337623 0.29458093 0.3782083  0.47750057 0.48519207 0.24040992
 0.34246312 0.28635076 0.20673828 0.14967279 0.16725639 0.30401905
 0.57332785 0.96351853]","[ 0.   1.4  2.8  4.2  5.6  7.   8.4  9.8 11.2 12.6 14.  15.4 16.8 18.2
 19.6 21.  22.4 23.8 25.2 26.6 28.  29.4 30.8 32.2 33.6 35.  36.4 37.8
 39.2 40.6 42.  43.4 44.8 46.2 47.6 49.  50.4 51.8 53.2 54.6 56.  57.4
 58.8 60.2 61.6 63.  64.4 65.8 67.2 68.6 70.  71.4 72.8 74.2 75.6 77.
 78.4 79.8 81.2 82.6 84.  85.4 86.8 88.2 89.6 91.  92.4 93.8]","[  6.99997917   8.39997917   9.79997917  11.19997917  12.59997917
  13.99997917  15.39997917  16.79997917  18.19997917  19.59997917
  20.99997917  22.39997917  23.79997917  25.19997917  26.59997917
  27.99997917  29.39997917  30.79997917  32.19997917  33.59997917
  34.99997917  36.39997917  37.79997917  39.19997917  40.59997917
  41.99997917  43.39997917  44.79997917  46.19997917  47.59997917
  48.99997917  50.39997917  51.79997917  53.19997917  54.59997917
  55.99997917  57.39997917  58.79997917  60.19997917  61.59997917
  62.99997917  64.39997917  65.79997917  67.19997917  68.59997917
  69.99997917  71.39997917  72.79997917  74.19997917  75.59997917
  76.99997917  78.39997917  79.79997917  81.19997917  82.59997917
  83.99997917  85.39997917  86.79997917  88.19997917  89.59997917
  90.99997917  92.39997917  93.79997917  95.19997917  96.59997917
  97.99997917  99.39997917 100.79997917]",[0.78446361 0.77323982 0.77416159 ...        nan        nan        nan],"[0.00000e+00 2.50000e-02 5.00000e-02 ... 1.01950e+02 1.01975e+02
 1.02000e+02]","[4.99791667e-02 7.49791667e-02 9.99791667e-02 ... 1.01999979e+02
 1.02024979e+02 1.02049979e+02]",0.8904152748652452,"[[ 1.          0.03899229 -0.52357307 ...  0.94816475  0.91158652
   0.90039363]
 [ 0.03899229  1.          0.81040049 ... -0.19352465 -0.27031491
  -0.24911109]
 [-0.52357307  0.81040049  1.         ... -0.68820475 -0.71199706
  -0.67687879]
 ...
 [ 0.94816475 -0.19352465 -0.68820475 ...  1.          0.97195501
   0.93076159]
 [ 0.91158652 -0.27031491 -0.71199706 ...  0.97195501  1.
   0.98112407]
 [ 0.90039363 -0.24911109 -0.67687879 ...  0.93076159  0.98112407
   1.        ]]","[ 0.   1.4  2.8  4.2  5.6  7.   8.4  9.8 11.2 12.6 14.  15.4 16.8 18.2
 19.6 21.  22.4 23.8 25.2 26.6 28.  29.4 30.8 32.2 33.6 35.  36.4 37.8
 39.2 40.6 42.  43.4 44.8 46.2 47.6 49.  50.4 51.8 53.2 54.6 56.  57.4
 58.8 60.2 61.6 63.  64.4 65.8 67.2 68.6 70.  71.4 72.8 74.2 75.6 77.
 78.4 79.8 81.2 82.6 84.  85.4 86.8 88.2 89.6 91.  92.4 93.8]","[  6.99997917   8.39997917   9.79997917  11.19997917  12.59997917
  13.99997917  15.39997917  16.79997917  18.19997917  19.59997917
  20.99997917  22.39997917  23.79997917  25.19997917  26.59997917
  27.99997917  29.39997917  30.79997917  32.19997917  33.59997917
  34.99997917  36.39997917  37.79997917  39.19997917  40.59997917
  41.99997917  43.39997917  44.79997917  46.19997917  47.59997917
  48.99997917  50.39997917  51.79997917  53.19997917  54.59997917
  55.99997917  57.39997917  58.79997917  60.19997917  61.59997917
  62.99997917  64.39997917  65.79997917  67.19997917  68.59997917
  69.99997917  71.39997917  72.79997917  74.19997917  75.59997917
  76.99997917  78.39997917  79.79997917  81.19997917  82.59997917
  83.99997917  85.39997917  86.79997917  88.19997917  89.59997917
  90.99997917  92.39997917  93.79997917  95.19997917  96.59997917
  97.99997917  99.39997917 100.79997917]"
P5_D1_G3_M6_R2_T1,"[0.00000e+00 2.50000e-02 5.00000e-02 ... 1.20975e+02 1.21000e+02
 1.21025e+02]","[4.99791667e-02 7.49791667e-02 9.99791667e-02 ... 1.21024979e+02
 1.21049979e+02 1.21074979e+02]","[1.01575842e-03 1.22438946e-03 1.15571126e-03 ... 3.97317580e-05
 2.85290458e-05 1.59948195e-05]",0.007069731165367313,"[0.95084441 1.19944924 0.80519469 0.45898177 0.25032891 0.15470688
 0.12504581 0.12664958 0.12426609 0.06581628 0.08914446 0.26716605
 0.66267145 1.31881612 2.16558394 3.13422957 2.43710305 1.32963799
 0.63445768 0.30743803 0.16194813 0.07979448 0.08387449 0.09672606
 0.19454866 0.4588011  0.98941512 1.83876616 0.96154585 0.92670606
 0.90649968 0.57358643 0.35666881 0.44218711 0.71489532 0.89468716
 0.79121137 0.5468804  0.41594744 0.42879333 0.48129699 0.4642085
 0.3728169  0.29262509 0.24464968 0.25547379 0.28338402 0.26853426
 0.21779703 0.18515376 0.180082   0.18381635 0.19099273 0.21944383
 0.29101386 0.26128277 0.21727718 0.22811362 0.26517691 0.23034226
 0.21423754 0.21441297 0.19868058 0.18114527 0.17486153 0.18305058
 0.21067231 0.30916657 0.30918202 0.31892751 0.29661648 0.20518136
 0.18241877 0.23690139 0.22758653 0.18747161 0.15448449 0.16559265
 0.22584943 0.37641348 0.64281021 1.02954826]","[  0.    1.4   2.8   4.2   5.6   7.    8.4   9.8  11.2  12.6  14.   15.4
  16.8  18.2  19.6  21.   22.4  23.8  25.2  26.6  28.   29.4  30.8  32.2
  33.6  35.   36.4  37.8  39.2  40.6  42.   43.4  44.8  46.2  47.6  49.
  50.4  51.8  53.2  54.6  56.   57.4  58.8  60.2  61.6  63.   64.4  65.8
  67.2  68.6  70.   71.4  72.8  74.2  75.6  77.   78.4  79.8  81.2  82.6
  84.   85.4  86.8  88.2  89.6  91.   92.4  93.8  95.2  96.6  98.   99.4
 100.8 102.2 103.6 105.  106.4 107.8 109.2 110.6 112.  113.4]","[  6.99997917   8.39997917   9.79997917  11.19997917  12.59997917
  13.99997917  15.39997917  16.79997917  18.19997917  19.59997917
  20.99997917  22.39997917  23.79997917  25.19997917  26.59997917
  27.99997917  29.39997917  30.79997917  32.19997917  33.59997917
  34.99997917  36.39997917  37.79997917  39.19997917  40.59997917
  41.99997917  43.39997917  44.79997917  46.19997917  47.59997917
  48.99997917  50.39997917  51.79997917  53.19997917  54.59997917
  55.99997917  57.39997917  58.79997917  60.19997917  61.59997917
  62.99997917  64.39997917  65.79997917  67.19997917  68.59997917
  69.99997917  71.39997917  72.79997917  74.19997917  75.59997917
  76.99997917  78.39997917  79.79997917  81.19997917  82.59997917
  83.99997917  85.39997917  86.79997917  88.19997917  89.59997917
  90.99997917  92.39997917  93.79997917  95.19997917  96.59997917
  97.99997917  99.39997917 100.79997917 102.19997917 103.59997917
 104.99997917 106.39997917 107.79997917 109.19997917 110.59997917
 111.99997917 113.39997917 114.79997917 116.19997917 117.59997917
 118.99997917 120.39997917]",[0.78646862 0.75165592 0.73650472 ...        nan        nan        nan],"[0.00000e+00 2.50000e-02 5.00000e-02 ... 1.20975e+02 1.21000e+02
 1.21025e+02]","[4.99791667e-02 7.49791667e-02 9.99791667e-02 ... 1.21024979e+02
 1.21049979e+02 1.21074979e+02]",0.8799860708604699,"[[ 1.          0.79792565  0.1019131  ...  0.76139967  0.77686809
   0.79677859]
 [ 0.79792565  1.          0.63362481 ...  0.55630368  0.59909996
   0.66807825]
 [ 0.1019131   0.63362481  1.         ... -0.12587241 -0.07620959
   0.01870472]
 ...
 [ 0.76139967  0.55630368 -0.12587241 ...  1.          0.99522665
   0.98587346]
 [ 0.77686809  0.59909996 -0.07620959 ...  0.99522665  1.
   0.99444683]
 [ 0.79677859  0.66807825  0.01870472 ...  0.98587346  0.99444683
   1.        ]]","[  0.    1.4   2.8   4.2   5.6   7.    8.4   9.8  11.2  12.6  14.   15.4
  16.8  18.2  19.6  21.   22.4  23.8  25.2  26.6  28.   29.4  30.8  32.2
  33.6  35.   36.4  37.8  39.2  40.6  42.   43.4  44.8  46.2  47.6  49.
  50.4  51.8  53.2  54.6  56.   57.4  58.8  60.2  61.6  63.   64.4  65.8
  67.2  68.6  70.   71.4  72.8  74.2  75.6  77.   78.4  79.8  81.2  82.6
  84.   85.4  86.8  88.2  89.6  91.   92.4  93.8  95.2  96.6  98.   99.4
 100.8 102.2 103.6 105.  106.4 107.8 109.2 110.6 112.  113.4]","[  6.99997917   8.39997917   9.79997917  11.19997917  12.59997917
  13.99997917  15.39997917  16.79997917  18.19997917  19.59997917
  20.99997917  22.39997917  23.79997917  25.19997917  26.59997917
  27.99997917  29.39997917  30.79997917  32.19997917  33.59997917
  34.99997917  36.39997917  37.79997917  39.19997917  40.59997917
  41.99997917  43.39997917  44.79997917  46.19997917  47.59997917
  48.99997917  50.39997917  51.79997917  53.19997917  54.59997917
  55.99997917  57.39997917  58.79997917  60.19997917  61.59997917
  62.99997917  64.39997917  65.79997917  67.19997917  68.59997917
  69.99997917  71.39997917  72.79997917  74.19997917  75.59997917
  76.99997917  78.39997917  79.79997917  81.19997917  82.59997917
  83.99997917  85.39997917  86.79997917  88.19997917  89.59997917
  90.99997917  92.39997917  93.79997917  95.19997917  96.59997917
  97.99997917  99.39997917 100.79997917 102.19997917 103.59997917
 104.99997917 106.39997917 107.79997917 109.19997917 110.59997917
 111.99997917 113.39997917 114.79997917 116.19997917 117.59997917
 118.99997917 120.39997917]"
P5_D1_G3_M6_R1_T1,"[0.00000e+00 2.50000e-02 5.00000e-02 ... 1.67525e+02 1.67550e+02
 1.67575e+02]","[4.99791667e-02 7.49791667e-02 9.99791667e-02 ... 1.67574979e+02
 1.67599979e+02 1.67624979e+02]",[0.00316997 0.00355101 0.00272797 ... 0.0010146  0.00502039 0.00535017],0.005742203222181015,"[ 0.43863944  0.26255943  0.37090764  0.7668209   1.0050236   0.82589255
  0.75457237  0.60711767  0.44895205  0.42483548  0.44805533  0.45424519
  0.44025377  0.63990387  1.19070874  1.93131933  1.93179519  1.33292683
  0.83429615  0.60033351  0.58208443  0.75315089  0.9697693   1.65076014
  0.93116894  0.44380401  0.29872812  0.58067119  1.33814723  2.47630047
  2.38225664  1.42388957  0.71724771  0.30641814  0.14245554  0.09209149
  0.09239347  0.11953608  0.15231488  0.16968905  0.17873646  0.17808022
  0.1652684   0.14895405  0.13572982  0.15180269  0.22641607  0.42966346
