stop: 445111.75287326094
start: 445111.76183562307
stop: 445111.78863371705
start: 445111.91776238004
start: 445740.42631200963
