stop: 446671.8853804824
start: 446672.0235085392
stop: 446672.0824916036
start: 446672.11072299996
start: 447450.4458565505
start: 447485.78053500527
