stop: 444343.54443876795
start: 444343.7080114512
start: 445072.39161206275
