sm,sm_t0,sm_t1
"[[ 1.          0.69799884  0.50378898 ... -0.48003902 -0.28763363
  -0.13067016]
 [ 0.69799884  1.          0.91747669 ...  0.23826816  0.30632692
   0.14341007]
 [ 0.50378898  0.91747669  1.         ...  0.40293376  0.43559927
   0.16889365]
 ...
 [-0.48003902  0.23826816  0.40293376 ...  1.          0.91514999
   0.58401279]
 [-0.28763363  0.30632692  0.43559927 ...  0.91514999  1.
   0.82190058]
 [-0.13067016  0.14341007  0.16889365 ...  0.58401279  0.82190058
   1.        ]]","[  0.    1.4   2.8   4.2   5.6   7.    8.4   9.8  11.2  12.6  14.   15.4
  16.8  18.2  19.6  21.   22.4  23.8  25.2  26.6  28.   29.4  30.8  32.2
  33.6  35.   36.4  37.8  39.2  40.6  42.   43.4  44.8  46.2  47.6  49.
  50.4  51.8  53.2  54.6  56.   57.4  58.8  60.2  61.6  63.   64.4  65.8
  67.2  68.6  70.   71.4  72.8  74.2  75.6  77.   78.4  79.8  81.2  82.6
  84.   85.4  86.8  88.2  89.6  91.   92.4  93.8  95.2  96.6  98.   99.4
 100.8 102.2 103.6 105.  106.4 107.8 109.2 110.6 112.  113.4 114.8 116.2
 117.6 119.  120.4 121.8 123.2 124.6 126.  127.4 128.8 130.2 131.6 133.
 134.4 135.8 137.2 138.6 140.  141.4 142.8 144.2 145.6 147.  148.4 149.8
 151.2 152.6 154.  155.4 156.8 158.2 159.6 161.  162.4 163.8 165.2 166.6
 168.  169.4 170.8 172.2 173.6 175.  176.4 177.8 179.2 180.6 182.  183.4
 184.8 186.2 187.6 189.  190.4 191.8 193.2 194.6 196.  197.4 198.8 200.2
 201.6 203.  204.4 205.8 207.2 208.6 210.  211.4 212.8 214.2 215.6 217.
 218.4 219.8 221.2 222.6 224.  225.4 226.8 228.2 229.6 231.  232.4 233.8
 235.2 236.6 238.  239.4 240.8 242.2 243.6 245.  246.4 247.8 249.2 250.6
 252.  253.4 254.8 256.2 257.6 259.  260.4 261.8 263.2 264.6 266.  267.4
 268.8 270.2 271.6 273.  274.4 275.8 277.2 278.6 280.  281.4 282.8 284.2
 285.6 287.  288.4 289.8 291.2 292.6 294.  295.4 296.8 298.2]","[  6.99997732   8.39997732   9.79997732  11.19997732  12.59997732
  13.99997732  15.39997732  16.79997732  18.19997732  19.59997732
  20.99997732  22.39997732  23.79997732  25.19997732  26.59997732
  27.99997732  29.39997732  30.79997732  32.19997732  33.59997732
  34.99997732  36.39997732  37.79997732  39.19997732  40.59997732
  41.99997732  43.39997732  44.79997732  46.19997732  47.59997732
  48.99997732  50.39997732  51.79997732  53.19997732  54.59997732
  55.99997732  57.39997732  58.79997732  60.19997732  61.59997732
  62.99997732  64.39997732  65.79997732  67.19997732  68.59997732
  69.99997732  71.39997732  72.79997732  74.19997732  75.59997732
  76.99997732  78.39997732  79.79997732  81.19997732  82.59997732
  83.99997732  85.39997732  86.79997732  88.19997732  89.59997732
  90.99997732  92.39997732  93.79997732  95.19997732  96.59997732
  97.99997732  99.39997732 100.79997732 102.19997732 103.59997732
 104.99997732 106.39997732 107.79997732 109.19997732 110.59997732
 111.99997732 113.39997732 114.79997732 116.19997732 117.59997732
 118.99997732 120.39997732 121.79997732 123.19997732 124.59997732
 125.99997732 127.39997732 128.79997732 130.19997732 131.59997732
 132.99997732 134.39997732 135.79997732 137.19997732 138.59997732
 139.99997732 141.39997732 142.79997732 144.19997732 145.59997732
 146.99997732 148.39997732 149.79997732 151.19997732 152.59997732
 153.99997732 155.39997732 156.79997732 158.19997732 159.59997732
 160.99997732 162.39997732 163.79997732 165.19997732 166.59997732
 167.99997732 169.39997732 170.79997732 172.19997732 173.59997732
 174.99997732 176.39997732 177.79997732 179.19997732 180.59997732
 181.99997732 183.39997732 184.79997732 186.19997732 187.59997732
 188.99997732 190.39997732 191.79997732 193.19997732 194.59997732
 195.99997732 197.39997732 198.79997732 200.19997732 201.59997732
 202.99997732 204.39997732 205.79997732 207.19997732 208.59997732
 209.99997732 211.39997732 212.79997732 214.19997732 215.59997732
 216.99997732 218.39997732 219.79997732 221.19997732 222.59997732
 223.99997732 225.39997732 226.79997732 228.19997732 229.59997732
 230.99997732 232.39997732 233.79997732 235.19997732 236.59997732
 237.99997732 239.39997732 240.79997732 242.19997732 243.59997732
 244.99997732 246.39997732 247.79997732 249.19997732 250.59997732
 251.99997732 253.39997732 254.79997732 256.19997732 257.59997732
 258.99997732 260.39997732 261.79997732 263.19997732 264.59997732
 265.99997732 267.39997732 268.79997732 270.19997732 271.59997732
 272.99997732 274.39997732 275.79997732 277.19997732 278.59997732
 279.99997732 281.39997732 282.79997732 284.19997732 285.59997732
 286.99997732 288.39997732 289.79997732 291.19997732 292.59997732
 293.99997732 295.39997732 296.79997732 298.19997732 299.59997732
 300.99997732 302.39997732 303.79997732 305.19997732]"
