Name,rms_t0,rms_t1,rms,rms_avg,novelty,novelty_t0,novelty_t1,entropy,entropy_t0,entropy_t1,entropy_avg,sm,sm_t0,sm_t1
P7_D1_G1_M1_R1_T1,[0.0000e+00 2.5000e-02 5.0000e-02 ... 9.9175e+01 9.9200e+01 9.9225e+01],"[4.99791667e-02 7.49791667e-02 9.99791667e-02 ... 9.92249792e+01
 9.92499792e+01 9.92749792e+01]",[0.00170475 0.00246504 0.00284485 ... 0.00044044 0.00030703 0.00019295],0.033519574722617226,"[0.51642502 0.28645913 0.20387595 0.24251004 0.58787457 1.25061936
 1.89509608 2.39373677 1.65323229 0.81054116 0.39608831 0.22975925
 0.14278655 0.11374885 0.12099532 0.15019624 0.17860247 0.19341777
 0.19554925 0.21234935 0.22988643 0.2299755  0.25206609 0.3052911
 0.31296229 0.2252123  0.17756029 0.16790781 0.15879003 0.14595714
 0.16073584 0.35904757 0.75518189 1.26200503 1.03346952 0.55276127
 0.23470394 0.19360089 0.48731143 0.94132986 1.44069531 1.23127662
 0.78830629 0.45562299 0.27399133 0.22681686 0.18102525 0.14431868
 0.1552155  0.18662639 0.19851452 0.19623683 0.19807822 0.19908422
 0.19887354 0.20219925 0.21189663 0.19875618 0.15401177 0.12437676
 0.10893113 0.14436781 0.23376897 0.38058529 0.63791798 1.0316507 ]","[ 0.   1.4  2.8  4.2  5.6  7.   8.4  9.8 11.2 12.6 14.  15.4 16.8 18.2
 19.6 21.  22.4 23.8 25.2 26.6 28.  29.4 30.8 32.2 33.6 35.  36.4 37.8
 39.2 40.6 42.  43.4 44.8 46.2 47.6 49.  50.4 51.8 53.2 54.6 56.  57.4
 58.8 60.2 61.6 63.  64.4 65.8 67.2 68.6 70.  71.4 72.8 74.2 75.6 77.
 78.4 79.8 81.2 82.6 84.  85.4 86.8 88.2 89.6 91. ]","[ 6.99997917  8.39997917  9.79997917 11.19997917 12.59997917 13.99997917
 15.39997917 16.79997917 18.19997917 19.59997917 20.99997917 22.39997917
 23.79997917 25.19997917 26.59997917 27.99997917 29.39997917 30.79997917
 32.19997917 33.59997917 34.99997917 36.39997917 37.79997917 39.19997917
 40.59997917 41.99997917 43.39997917 44.79997917 46.19997917 47.59997917
 48.99997917 50.39997917 51.79997917 53.19997917 54.59997917 55.99997917
 57.39997917 58.79997917 60.19997917 61.59997917 62.99997917 64.39997917
 65.79997917 67.19997917 68.59997917 69.99997917 71.39997917 72.79997917
 74.19997917 75.59997917 76.99997917 78.39997917 79.79997917 81.19997917
 82.59997917 83.99997917 85.39997917 86.79997917 88.19997917 89.59997917
 90.99997917 92.39997917 93.79997917 95.19997917 96.59997917 97.99997917]",[0.88863165 0.88110021 0.87836141 ...        nan        nan        nan],[0.0000e+00 2.5000e-02 5.0000e-02 ... 9.9175e+01 9.9200e+01 9.9225e+01],"[4.99791667e-02 7.49791667e-02 9.99791667e-02 ... 9.92249792e+01
 9.92499792e+01 9.92749792e+01]",0.9199676930184696,"[[1.         0.96098576 0.94939897 ... 0.2940532  0.33781587 0.21347467]
 [0.96098576 1.         0.9842694  ... 0.1968934  0.23524048 0.10991383]
 [0.94939897 0.9842694  1.         ... 0.29815904 0.33570476 0.21188565]
 ...
 [0.2940532  0.1968934  0.29815904 ... 1.         0.99616383 0.99000598]
 [0.33781587 0.23524048 0.33570476 ... 0.99616383 1.         0.98372566]
 [0.21347467 0.10991383 0.21188565 ... 0.99000598 0.98372566 1.        ]]","[ 0.   1.4  2.8  4.2  5.6  7.   8.4  9.8 11.2 12.6 14.  15.4 16.8 18.2
 19.6 21.  22.4 23.8 25.2 26.6 28.  29.4 30.8 32.2 33.6 35.  36.4 37.8
 39.2 40.6 42.  43.4 44.8 46.2 47.6 49.  50.4 51.8 53.2 54.6 56.  57.4
 58.8 60.2 61.6 63.  64.4 65.8 67.2 68.6 70.  71.4 72.8 74.2 75.6 77.
 78.4 79.8 81.2 82.6 84.  85.4 86.8 88.2 89.6 91. ]","[ 6.99997917  8.39997917  9.79997917 11.19997917 12.59997917 13.99997917
 15.39997917 16.79997917 18.19997917 19.59997917 20.99997917 22.39997917
 23.79997917 25.19997917 26.59997917 27.99997917 29.39997917 30.79997917
 32.19997917 33.59997917 34.99997917 36.39997917 37.79997917 39.19997917
 40.59997917 41.99997917 43.39997917 44.79997917 46.19997917 47.59997917
 48.99997917 50.39997917 51.79997917 53.19997917 54.59997917 55.99997917
 57.39997917 58.79997917 60.19997917 61.59997917 62.99997917 64.39997917
 65.79997917 67.19997917 68.59997917 69.99997917 71.39997917 72.79997917
 74.19997917 75.59997917 76.99997917 78.39997917 79.79997917 81.19997917
 82.59997917 83.99997917 85.39997917 86.79997917 88.19997917 89.59997917
 90.99997917 92.39997917 93.79997917 95.19997917 96.59997917 97.99997917]"
