sm,sm_t0,sm_t1
"[[1.         0.70666335 0.63436511 ... 0.47330563 0.4786808  0.47680708]
 [0.70666335 1.         0.99188623 ... 0.82736977 0.8438071  0.86115646]
 [0.63436511 0.99188623 1.         ... 0.81373906 0.83570066 0.85526083]
 ...
 [0.47330563 0.82736977 0.81373906 ... 1.         0.9897381  0.98951005]
 [0.4786808  0.8438071  0.83570066 ... 0.9897381  1.         0.99591887]
 [0.47680708 0.86115646 0.85526083 ... 0.98951005 0.99591887 1.        ]]","[  0.    1.4   2.8   4.2   5.6   7.    8.4   9.8  11.2  12.6  14.   15.4
  16.8  18.2  19.6  21.   22.4  23.8  25.2  26.6  28.   29.4  30.8  32.2
  33.6  35.   36.4  37.8  39.2  40.6  42.   43.4  44.8  46.2  47.6  49.
  50.4  51.8  53.2  54.6  56.   57.4  58.8  60.2  61.6  63.   64.4  65.8
  67.2  68.6  70.   71.4  72.8  74.2  75.6  77.   78.4  79.8  81.2  82.6
  84.   85.4  86.8  88.2  89.6  91.   92.4  93.8  95.2  96.6  98.   99.4
 100.8 102.2 103.6 105.  106.4 107.8 109.2 110.6 112.  113.4 114.8 116.2
 117.6 119.  120.4 121.8 123.2 124.6 126.  127.4 128.8 130.2 131.6 133.
 134.4 135.8 137.2 138.6 140.  141.4 142.8 144.2 145.6 147.  148.4 149.8
 151.2 152.6 154.  155.4 156.8 158.2 159.6 161.  162.4 163.8 165.2 166.6
 168.  169.4 170.8 172.2 173.6 175. ]","[  6.99997917   8.39997917   9.79997917  11.19997917  12.59997917
  13.99997917  15.39997917  16.79997917  18.19997917  19.59997917
  20.99997917  22.39997917  23.79997917  25.19997917  26.59997917
  27.99997917  29.39997917  30.79997917  32.19997917  33.59997917
  34.99997917  36.39997917  37.79997917  39.19997917  40.59997917
  41.99997917  43.39997917  44.79997917  46.19997917  47.59997917
  48.99997917  50.39997917  51.79997917  53.19997917  54.59997917
  55.99997917  57.39997917  58.79997917  60.19997917  61.59997917
  62.99997917  64.39997917  65.79997917  67.19997917  68.59997917
  69.99997917  71.39997917  72.79997917  74.19997917  75.59997917
  76.99997917  78.39997917  79.79997917  81.19997917  82.59997917
  83.99997917  85.39997917  86.79997917  88.19997917  89.59997917
  90.99997917  92.39997917  93.79997917  95.19997917  96.59997917
  97.99997917  99.39997917 100.79997917 102.19997917 103.59997917
 104.99997917 106.39997917 107.79997917 109.19997917 110.59997917
 111.99997917 113.39997917 114.79997917 116.19997917 117.59997917
 118.99997917 120.39997917 121.79997917 123.19997917 124.59997917
 125.99997917 127.39997917 128.79997917 130.19997917 131.59997917
 132.99997917 134.39997917 135.79997917 137.19997917 138.59997917
 139.99997917 141.39997917 142.79997917 144.19997917 145.59997917
 146.99997917 148.39997917 149.79997917 151.19997917 152.59997917
 153.99997917 155.39997917 156.79997917 158.19997917 159.59997917
 160.99997917 162.39997917 163.79997917 165.19997917 166.59997917
 167.99997917 169.39997917 170.79997917 172.19997917 173.59997917
 174.99997917 176.39997917 177.79997917 179.19997917 180.59997917
 181.99997917]"
